52
WP_012038298.1|csp22_consensus|Full_Seq|Clavibacter|Clavibacter_michiganensis_NCPPB382|161  0.0000000 0.0000010 0.0150467 0.0150467 0.0470731 0.0470731 0.0468799 2.1661428 2.1661428 1.9861902 2.1661428 2.1661428 2.1661428 2.1661428 1.8169540 2.0080096 2.0504274 2.7856737 2.7856737 2.6208889 2.6208889 2.6088346 2.6088346 8.9999986 8.9999986 8.9999986 8.9999986 8.9999986 8.9999986 8.9999986 8.9999986 8.9999986 8.9999986 8.9999986 8.9999986 8.9999986 8.9999986 8.9999986 8.9999986 8.9999986 8.9999986 8.9999986 8.9999988 8.9999985 8.9999986 8.9999986 8.9999986 8.9999986 8.9999986 8.9999986 8.9999986 8.9999986 
WP_012038298.1|csp22_consensus|Full_Seq|Clavibacter|Clavibacter_sepedonicus_ATCC33113|165   0.0000010 0.0000000 0.0150467 0.0150467 0.0470731 0.0470731 0.0468799 2.1661428 2.1661428 1.9861902 2.1661428 2.1661428 2.1661428 2.1661428 1.8169540 2.0080096 2.0504274 2.7856737 2.7856737 2.6208889 2.6208889 2.6088346 2.6088346 8.9999986 8.9999986 8.9999986 8.9999986 8.9999986 8.9999986 8.9999986 8.9999986 8.9999986 8.9999986 8.9999986 8.9999986 8.9999986 8.9999986 8.9999986 8.9999986 8.9999986 8.9999986 8.9999986 8.9999988 8.9999985 8.9999986 8.9999986 8.9999986 8.9999986 8.9999986 8.9999986 8.9999986 8.9999986 
WP_045527920.1|csp22_consensus|Full_Seq|Clavibacter|Clavibacter_insidiosus_R1-1|3801        0.0150467 0.0150467 0.0000000 0.0000010 0.0300653 0.0300653 0.0299379 2.0806368 2.0806368 1.9201118 2.0806368 2.0806368 2.0806368 2.0806368 1.7575292 1.9341772 1.9790506 2.6271823 2.6271823 2.4822566 2.4822566 2.4729053 2.4729053 8.9999986 8.9999986 8.9999986 8.9999986 8.9999986 8.9999986 8.9999986 8.9999986 8.9999986 8.9999986 8.9999986 8.9999986 8.9999986 8.9999986 8.9999986 8.9999986 8.9999986 8.9999986 8.9999986 8.9999988 8.9999985 8.9999986 8.9999986 8.9999986 8.9999986 8.9999986 8.9999986 8.9999986 8.9999986 
WP_045527920.1|csp22_consensus|Full_Seq|Clavibacter|Clavibacter_insidiosus_R1-3|11609       0.0150467 0.0150467 0.0000010 0.0000000 0.0300653 0.0300653 0.0299379 2.0806368 2.0806368 1.9201118 2.0806368 2.0806368 2.0806368 2.0806368 1.7575292 1.9341772 1.9790506 2.6271823 2.6271823 2.4822566 2.4822566 2.4729053 2.4729053 8.9999986 8.9999986 8.9999986 8.9999986 8.9999986 8.9999986 8.9999986 8.9999986 8.9999986 8.9999986 8.9999986 8.9999986 8.9999986 8.9999986 8.9999986 8.9999986 8.9999986 8.9999986 8.9999986 8.9999988 8.9999985 8.9999986 8.9999986 8.9999986 8.9999986 8.9999986 8.9999986 8.9999986 8.9999986 
WP_094171047.1|csp22_consensus|Full_Seq|Clavibacter|Clavibacter_insidiosus_LMG3663|8686     0.0470731 0.0470731 0.0300653 0.0300653 0.0000000 0.0000010 0.0145619 2.1432159 2.1432159 1.9716180 2.1432159 2.1432159 2.1432159 2.1432159 1.8116298 1.9909230 2.0328773 2.5231419 2.5231419 2.6039440 2.6039440 2.5911801 2.5911801 8.9999982 8.9999982 8.9999982 8.9999982 8.9999982 8.9999982 8.9999983 8.9999983 8.9999982 8.9999982 8.9999982 8.9999982 8.9999982 8.9999982 8.9999982 8.9999982 8.9999982 8.9999982 8.9999982 8.9999981 8.9999982 8.9999982 8.9999982 8.9999982 8.9999982 8.9999982 8.9999982 8.9999982 8.9999982 
WP_094171047.1|csp22_consensus|Full_Seq|Clavibacter|Clavibacter_insidiosus_CFBP1195|14578   0.0470731 0.0470731 0.0300653 0.0300653 0.0000010 0.0000000 0.0145619 2.1432159 2.1432159 1.9716180 2.1432159 2.1432159 2.1432159 2.1432159 1.8116298 1.9909230 2.0328773 2.5231419 2.5231419 2.6039440 2.6039440 2.5911801 2.5911801 8.9999982 8.9999982 8.9999982 8.9999982 8.9999982 8.9999982 8.9999983 8.9999983 8.9999982 8.9999982 8.9999982 8.9999982 8.9999982 8.9999982 8.9999982 8.9999982 8.9999982 8.9999982 8.9999982 8.9999981 8.9999982 8.9999982 8.9999982 8.9999982 8.9999982 8.9999982 8.9999982 8.9999982 8.9999982 
WP_108742678.1|csp22_consensus|Full_Seq|Clavibacter|Clavibacter_insidiosus_ATCC10253|11615  0.0468799 0.0468799 0.0299379 0.0299379 0.0145619 0.0145619 0.0000000 1.9939507 1.9939507 1.8460379 1.9939507 1.9939507 1.9939507 1.9939507 1.6853623 1.8532745 1.9012392 2.3239253 2.3239253 2.3736878 2.3736878 2.3657327 2.3657327 8.9999982 8.9999982 8.9999982 8.9999982 8.9999982 8.9999982 8.9999983 8.9999983 8.9999982 8.9999982 8.9999982 8.9999982 8.9999982 8.9999982 8.9999982 8.9999982 8.9999982 8.9999982 8.9999982 8.9999981 8.9999982 8.9999982 8.9999982 8.9999982 8.9999982 8.9999982 8.9999982 8.9999982 8.9999982 
WP_012039167.1|csp22_consensus|Full_Seq|Clavibacter|Clavibacter_michiganensis_NCPPB382|163  2.1661428 2.1661428 2.0806368 2.0806368 2.1432159 2.1432159 1.9939507 0.0000000 0.0000010 0.0141112 0.0285787 0.0139767 0.0139767 0.0287020 0.0144592 0.0640589 0.0538096 0.0520699 0.0520699 0.0784791 0.0784791 0.0943990 0.0943990 8.9999981 8.9999981 8.9999981 8.9999981 8.9999981 8.9999981 8.9999982 8.9999982 8.9999981 8.9999981 8.9999981 8.9999981 8.9999981 8.9999981 8.9999981 8.9999981 8.9999981 8.9999981 8.9999981 8.9999989 8.9999984 8.9999981 8.9999981 8.9999981 8.9999981 8.9999981 8.9999981 8.9999981 8.9999981 
WP_012039167.1|csp22_consensus|Full_Seq|Clavibacter|Clavibacter_sepedonicus_ATCC33113|166   2.1661428 2.1661428 2.0806368 2.0806368 2.1432159 2.1432159 1.9939507 0.0000010 0.0000000 0.0141112 0.0285787 0.0139767 0.0139767 0.0287020 0.0144592 0.0640589 0.0538096 0.0520699 0.0520699 0.0784791 0.0784791 0.0943990 0.0943990 8.9999981 8.9999981 8.9999981 8.9999981 8.9999981 8.9999981 8.9999982 8.9999982 8.9999981 8.9999981 8.9999981 8.9999981 8.9999981 8.9999981 8.9999981 8.9999981 8.9999981 8.9999981 8.9999981 8.9999989 8.9999984 8.9999981 8.9999981 8.9999981 8.9999981 8.9999981 8.9999981 8.9999981 8.9999981 
WP_094113886.1|csp22_consensus|Full_Seq|Clavibacter|Clavibacter_michiganensis_ARZ28|19490   1.9861902 1.9861902 1.9201118 1.9201118 1.9716180 1.9716180 1.8460379 0.0141112 0.0141112 0.0000000 0.0449534 0.0293532 0.0293532 0.0452388 0.0305273 0.0839249 0.0755299 0.0735808 0.0735808 0.0986706 0.0986706 0.1150392 0.1150392 8.9999990 8.9999990 8.9999990 8.9999990 8.9999990 8.9999990 8.9999980 8.9999980 8.9999990 8.9999990 8.9999990 8.9999990 8.9999990 8.9999990 8.9999990 8.9999990 8.9999990 8.9999990 8.9999990 8.9999987 8.9999985 8.9999990 8.9999990 8.9999990 8.9999990 8.9999990 8.9999990 8.9999990 8.9999990 
WP_043673665.1|csp22_consensus|Full_Seq|Clavibacter|Clavibacter_michiganensis_CF11|3031     2.1661428 2.1661428 2.0806368 2.0806368 2.1432159 2.1432159 1.9939507 0.0285787 0.0285787 0.0449534 0.0000000 0.0138810 0.0138810 0.0284629 0.0463537 0.0632699 0.0935397 0.0917297 0.0917297 0.0774361 0.0774361 0.0930451 0.0930451 8.9999981 8.9999981 8.9999981 8.9999981 8.9999981 8.9999981 8.9999982 8.9999982 8.9999981 8.9999981 8.9999981 8.9999981 8.9999981 8.9999981 8.9999981 8.9999981 8.9999981 8.9999981 8.9999981 8.9999989 8.9999984 8.9999981 8.9999981 8.9999981 8.9999981 8.9999981 8.9999981 8.9999981 8.9999981 
WP_053775162.1|csp22_consensus|Full_Seq|Clavibacter|Clavibacter_capsici_PF008|5040          2.1661428 2.1661428 2.0806368 2.0806368 2.1432159 2.1432159 1.9939507 0.0139767 0.0139767 0.0293532 0.0138810 0.0000000 0.0000010 0.0139181 0.0301775 0.0467778 0.0742524 0.0723462 0.0723462 0.0611386 0.0611386 0.0768392 0.0768392 8.9999981 8.9999981 8.9999981 8.9999981 8.9999981 8.9999981 8.9999982 8.9999982 8.9999981 8.9999981 8.9999981 8.9999981 8.9999981 8.9999981 8.9999981 8.9999981 8.9999981 8.9999981 8.9999981 8.9999989 8.9999984 8.9999981 8.9999981 8.9999981 8.9999981 8.9999981 8.9999981 8.9999981 8.9999981 
WP_053775162.1|csp22_consensus|Full_Seq|Clavibacter|Clavibacter_capsici_1106|20050          2.1661428 2.1661428 2.0806368 2.0806368 2.1432159 2.1432159 1.9939507 0.0139767 0.0139767 0.0293532 0.0138810 0.0000010 0.0000000 0.0139181 0.0301775 0.0467778 0.0742524 0.0723462 0.0723462 0.0611386 0.0611386 0.0768392 0.0768392 8.9999981 8.9999981 8.9999981 8.9999981 8.9999981 8.9999981 8.9999982 8.9999982 8.9999981 8.9999981 8.9999981 8.9999981 8.9999981 8.9999981 8.9999981 8.9999981 8.9999981 8.9999981 8.9999981 8.9999989 8.9999984 8.9999981 8.9999981 8.9999981 8.9999981 8.9999981 8.9999981 8.9999981 8.9999981 
WP_086527168.1|csp22_consensus|Full_Seq|Clavibacter|Clavibacter_spp_CFBP7576|8335           2.1661428 2.1661428 2.0806368 2.0806368 2.1432159 2.1432159 1.9939507 0.0287020 0.0287020 0.0452388 0.0284629 0.0139181 0.0139181 0.0000000 0.0466661 0.0422951 0.0948278 0.0929865 0.0929865 0.0594468 0.0594468 0.0747010 0.0747010 8.9999981 8.9999981 8.9999981 8.9999981 8.9999981 8.9999981 8.9999982 8.9999982 8.9999981 8.9999981 8.9999981 8.9999981 8.9999981 8.9999981 8.9999981 8.9999981 8.9999981 8.9999981 8.9999981 8.9999989 8.9999984 8.9999981 8.9999981 8.9999981 8.9999981 8.9999981 8.9999981 8.9999981 8.9999981 
WP_209660456.1|csp22_consensus|Full_Seq|Clavibacter|Clavibacter_michiganensis_PvP036|27924  1.8169540 1.8169540 1.7575292 1.7575292 1.8116298 1.8116298 1.6853623 0.0144592 0.0144592 0.0305273 0.0463537 0.0301775 0.0301775 0.0466661 0.0000000 0.0873950 0.0532675 0.0768673 0.0768673 0.1029277 0.1029277 0.1202337 0.1202337 8.9999983 8.9999983 8.9999983 8.9999983 8.9999983 8.9999983 8.9999984 8.9999984 8.9999983 8.9999983 8.9999983 8.9999983 8.9999983 8.9999983 8.9999983 8.9999983 8.9999983 8.9999983 8.9999983 8.9999982 8.9999985 8.9999983 8.9999983 8.9999983 8.9999983 8.9999983 8.9999983 8.9999983 8.9999983 
WP_191149184.1|csp22_consensus|Full_Seq|Clavibacter|Clavibacter_spp_DM1|24433               2.0080096 2.0080096 1.9341772 1.9341772 1.9909230 1.9909230 1.8532745 0.0640589 0.0640589 0.0839249 0.0632699 0.0467778 0.0467778 0.0422951 0.0873950 0.0000000 0.1144651 0.1221938 0.1221938 0.0923793 0.0923793 0.1076033 0.1076033 8.9999988 8.9999988 8.9999988 8.9999988 8.9999988 8.9999988 8.9999988 8.9999988 8.9999988 8.9999988 8.9999988 8.9999988 8.9999988 8.9999988 8.9999988 8.9999988 8.9999988 8.9999988 8.9999988 8.9999983 8.9999983 8.9999988 8.9999988 8.9999988 8.9999988 8.9999988 8.9999988 8.9999988 8.9999988 
WP_094117046.1|csp22_consensus|Full_Seq|Clavibacter|Clavibacter_spp_AY1B3|10663             2.0504274 2.0504274 1.9790506 1.9790506 2.0328773 2.0328773 1.9012392 0.0538096 0.0538096 0.0755299 0.0935397 0.0742524 0.0742524 0.0948278 0.0532675 0.1144651 0.0000000 0.1253205 0.1253205 0.1605774 0.1605774 0.1781488 0.1781488 8.9999983 8.9999983 8.9999983 8.9999983 8.9999983 8.9999983 8.9999984 8.9999984 8.9999983 8.9999983 8.9999983 8.9999983 8.9999983 8.9999983 8.9999983 8.9999983 8.9999983 8.9999983 8.9999983 8.9999981 8.9999981 8.9999983 8.9999983 8.9999983 8.9999983 8.9999983 8.9999983 8.9999983 8.9999983 
WP_045529449.1|csp22_consensus|Full_Seq|Clavibacter|Clavibacter_insidiosus_R1-1|3803        2.7856737 2.7856737 2.6271823 2.6271823 2.5231419 2.5231419 2.3239253 0.0520699 0.0520699 0.0735808 0.0917297 0.0723462 0.0723462 0.0929865 0.0768673 0.1221938 0.1253205 0.0000000 0.0000010 0.1361083 0.1361083 0.1545687 0.1545687 8.9999986 8.9999986 8.9999986 8.9999986 8.9999986 8.9999986 8.9999986 8.9999986 8.9999986 8.9999986 8.9999986 8.9999986 8.9999986 8.9999986 8.9999986 8.9999986 8.9999986 8.9999986 8.9999986 8.9999986 8.9999980 8.9999986 8.9999986 8.9999986 8.9999986 8.9999986 8.9999986 8.9999986 8.9999986 
WP_045529449.1|csp22_consensus|Full_Seq|Clavibacter|Clavibacter_insidiosus_LMG3663|8685     2.7856737 2.7856737 2.6271823 2.6271823 2.5231419 2.5231419 2.3239253 0.0520699 0.0520699 0.0735808 0.0917297 0.0723462 0.0723462 0.0929865 0.0768673 0.1221938 0.1253205 0.0000010 0.0000000 0.1361083 0.1361083 0.1545687 0.1545687 8.9999986 8.9999986 8.9999986 8.9999986 8.9999986 8.9999986 8.9999986 8.9999986 8.9999986 8.9999986 8.9999986 8.9999986 8.9999986 8.9999986 8.9999986 8.9999986 8.9999986 8.9999986 8.9999986 8.9999986 8.9999980 8.9999986 8.9999986 8.9999986 8.9999986 8.9999986 8.9999986 8.9999986 8.9999986 
WP_063071385.1|csp22_consensus|Full_Seq|Clavibacter|Clavibacter_tessellarius_DOAB609|6667   2.6208889 2.6208889 2.4822566 2.4822566 2.6039440 2.6039440 2.3736878 0.0784791 0.0784791 0.0986706 0.0774361 0.0611386 0.0611386 0.0594468 0.1029277 0.0923793 0.1605774 0.1361083 0.1361083 0.0000000 0.0000010 0.0140587 0.0140587 8.9999982 8.9999982 8.9999982 8.9999982 8.9999982 8.9999982 8.9999983 8.9999983 8.9999982 8.9999982 8.9999982 8.9999982 8.9999982 8.9999982 8.9999982 8.9999982 8.9999982 8.9999982 8.9999982 8.9999984 8.9999983 8.9999982 8.9999982 8.9999982 8.9999982 8.9999982 8.9999982 8.9999982 8.9999982 
WP_063071385.1|csp22_consensus|Full_Seq|Clavibacter|Clavibacter_tessellarius_CFBP8017|8346  2.6208889 2.6208889 2.4822566 2.4822566 2.6039440 2.6039440 2.3736878 0.0784791 0.0784791 0.0986706 0.0774361 0.0611386 0.0611386 0.0594468 0.1029277 0.0923793 0.1605774 0.1361083 0.1361083 0.0000010 0.0000000 0.0140587 0.0140587 8.9999982 8.9999982 8.9999982 8.9999982 8.9999982 8.9999982 8.9999983 8.9999983 8.9999982 8.9999982 8.9999982 8.9999982 8.9999982 8.9999982 8.9999982 8.9999982 8.9999982 8.9999982 8.9999982 8.9999984 8.9999983 8.9999982 8.9999982 8.9999982 8.9999982 8.9999982 8.9999982 8.9999982 8.9999982 
WP_094128018.1|csp22_consensus|Full_Seq|Clavibacter|Clavibacter_tessellarius_ATCC33566|8694 2.6088346 2.6088346 2.4729053 2.4729053 2.5911801 2.5911801 2.3657327 0.0943990 0.0943990 0.1150392 0.0930451 0.0768392 0.0768392 0.0747010 0.1202337 0.1076033 0.1781488 0.1545687 0.1545687 0.0140587 0.0140587 0.0000000 0.0000010 8.9999986 8.9999986 8.9999986 8.9999986 8.9999986 8.9999986 8.9999986 8.9999986 8.9999986 8.9999986 8.9999986 8.9999986 8.9999986 8.9999986 8.9999986 8.9999986 8.9999986 8.9999986 8.9999986 8.9999986 8.9999981 8.9999986 8.9999986 8.9999986 8.9999986 8.9999986 8.9999986 8.9999986 8.9999986 
WP_094128018.1|csp22_consensus|Full_Seq|Clavibacter|Clavibacter_spp_CFBP3399|28611          2.6088346 2.6088346 2.4729053 2.4729053 2.5911801 2.5911801 2.3657327 0.0943990 0.0943990 0.1150392 0.0930451 0.0768392 0.0768392 0.0747010 0.1202337 0.1076033 0.1781488 0.1545687 0.1545687 0.0140587 0.0140587 0.0000010 0.0000000 8.9999986 8.9999986 8.9999986 8.9999986 8.9999986 8.9999986 8.9999986 8.9999986 8.9999986 8.9999986 8.9999986 8.9999986 8.9999986 8.9999986 8.9999986 8.9999986 8.9999986 8.9999986 8.9999986 8.9999986 8.9999981 8.9999986 8.9999986 8.9999986 8.9999986 8.9999986 8.9999986 8.9999986 8.9999986 
WP_012039159.1|csp22_consensus|Full_Seq|Clavibacter|Clavibacter_michiganensis_NCPPB382|162  8.9999986 8.9999986 8.9999986 8.9999986 8.9999982 8.9999982 8.9999982 8.9999981 8.9999981 8.9999990 8.9999981 8.9999981 8.9999981 8.9999981 8.9999983 8.9999988 8.9999983 8.9999986 8.9999986 8.9999982 8.9999982 8.9999986 8.9999986 0.0000000 0.0000010 0.0157024 0.0157024 0.0077863 0.0077863 0.0157024 0.0157024 0.0079042 0.0235218 0.0235218 0.0313683 0.0313683 0.0156967 0.0156967 0.0239066 0.0239066 0.0162679 0.0162679 0.0335763 0.0403098 0.0506117 0.0501007 0.0501007 0.0413732 0.0413732 0.0498798 0.0490804 0.0490804 
WP_012039159.1|csp22_consensus|Full_Seq|Clavibacter|Clavibacter_michiganensis_CAYO001|8317  8.9999986 8.9999986 8.9999986 8.9999986 8.9999982 8.9999982 8.9999982 8.9999981 8.9999981 8.9999990 8.9999981 8.9999981 8.9999981 8.9999981 8.9999983 8.9999988 8.9999983 8.9999986 8.9999986 8.9999982 8.9999982 8.9999986 8.9999986 0.0000010 0.0000000 0.0157024 0.0157024 0.0077863 0.0077863 0.0157024 0.0157024 0.0079042 0.0235218 0.0235218 0.0313683 0.0313683 0.0156967 0.0156967 0.0239066 0.0239066 0.0162679 0.0162679 0.0335763 0.0403098 0.0506117 0.0501007 0.0501007 0.0413732 0.0413732 0.0498798 0.0490804 0.0490804 
WP_015491070.1|csp22_consensus|Full_Seq|Clavibacter|Clavibacter_nebraskensis_NCPPB2581|1383 8.9999986 8.9999986 8.9999986 8.9999986 8.9999982 8.9999982 8.9999982 8.9999981 8.9999981 8.9999990 8.9999981 8.9999981 8.9999981 8.9999981 8.9999983 8.9999988 8.9999983 8.9999986 8.9999986 8.9999982 8.9999982 8.9999986 8.9999986 0.0157024 0.0157024 0.0000000 0.0000010 0.0078495 0.0078495 0.0158334 0.0158334 0.0239146 0.0078017 0.0078017 0.0156456 0.0156456 0.0156026 0.0156026 0.0237538 0.0237538 0.0079176 0.0079176 0.0245304 0.0241551 0.0412190 0.0497183 0.0497183 0.0410715 0.0410715 0.0495003 0.0327451 0.0327451 
WP_015491070.1|csp22_consensus|Full_Seq|Clavibacter|Clavibacter_nebraskensis_DOAB397|4020   8.9999986 8.9999986 8.9999986 8.9999986 8.9999982 8.9999982 8.9999982 8.9999981 8.9999981 8.9999990 8.9999981 8.9999981 8.9999981 8.9999981 8.9999983 8.9999988 8.9999983 8.9999986 8.9999986 8.9999982 8.9999982 8.9999986 8.9999986 0.0157024 0.0157024 0.0000010 0.0000000 0.0078495 0.0078495 0.0158334 0.0158334 0.0239146 0.0078017 0.0078017 0.0156456 0.0156456 0.0156026 0.0156026 0.0237538 0.0237538 0.0079176 0.0079176 0.0245304 0.0241551 0.0412190 0.0497183 0.0497183 0.0410715 0.0410715 0.0495003 0.0327451 0.0327451 
WP_079534890.1|csp22_consensus|Full_Seq|Clavibacter|Clavibacter_michiganensis_CASJ003|8327  8.9999986 8.9999986 8.9999986 8.9999986 8.9999982 8.9999982 8.9999982 8.9999981 8.9999981 8.9999990 8.9999981 8.9999981 8.9999981 8.9999981 8.9999983 8.9999988 8.9999983 8.9999986 8.9999986 8.9999982 8.9999982 8.9999986 8.9999986 0.0077863 0.0077863 0.0078495 0.0078495 0.0000000 0.0000010 0.0078495 0.0078495 0.0158238 0.0157024 0.0157024 0.0235901 0.0235901 0.0235218 0.0235218 0.0318088 0.0318088 0.0159469 0.0159469 0.0328973 0.0323638 0.0496056 0.0581251 0.0581251 0.0494449 0.0494449 0.0578693 0.0410980 0.0410980 
WP_079534890.1|csp22_consensus|Full_Seq|Clavibacter|Clavibacter_spp_AY1B2|10670             8.9999986 8.9999986 8.9999986 8.9999986 8.9999982 8.9999982 8.9999982 8.9999981 8.9999981 8.9999990 8.9999981 8.9999981 8.9999981 8.9999981 8.9999983 8.9999988 8.9999983 8.9999986 8.9999986 8.9999982 8.9999982 8.9999986 8.9999986 0.0077863 0.0077863 0.0078495 0.0078495 0.0000010 0.0000000 0.0078495 0.0078495 0.0158238 0.0157024 0.0157024 0.0235901 0.0235901 0.0235218 0.0235218 0.0318088 0.0318088 0.0159469 0.0159469 0.0328973 0.0323638 0.0496056 0.0581251 0.0581251 0.0494449 0.0494449 0.0578693 0.0410980 0.0410980 
WP_043583266.1|csp22_consensus|Full_Seq|Clavibacter|Clavibacter_michiganensis_LMG26808|2347 8.9999986 8.9999986 8.9999986 8.9999986 8.9999983 8.9999983 8.9999983 8.9999982 8.9999982 8.9999980 8.9999982 8.9999982 8.9999982 8.9999982 8.9999984 8.9999988 8.9999984 8.9999986 8.9999986 8.9999983 8.9999983 8.9999986 8.9999986 0.0157024 0.0157024 0.0158334 0.0158334 0.0078495 0.0078495 0.0000000 0.0000010 0.0239146 0.0237212 0.0237212 0.0316381 0.0316381 0.0315420 0.0315420 0.0399533 0.0399533 0.0241081 0.0241081 0.0413813 0.0406736 0.0580559 0.0665817 0.0665817 0.0578883 0.0578883 0.0662883 0.0495376 0.0495376 
WP_043583266.1|csp22_consensus|Full_Seq|Clavibacter|Clavibacter_spp_CFBP7493|14589          8.9999986 8.9999986 8.9999986 8.9999986 8.9999983 8.9999983 8.9999983 8.9999982 8.9999982 8.9999980 8.9999982 8.9999982 8.9999982 8.9999982 8.9999984 8.9999988 8.9999984 8.9999986 8.9999986 8.9999983 8.9999983 8.9999986 8.9999986 0.0157024 0.0157024 0.0158334 0.0158334 0.0078495 0.0078495 0.0000010 0.0000000 0.0239146 0.0237212 0.0237212 0.0316381 0.0316381 0.0315420 0.0315420 0.0399533 0.0399533 0.0241081 0.0241081 0.0413813 0.0406736 0.0580559 0.0665817 0.0665817 0.0578883 0.0578883 0.0662883 0.0495376 0.0495376 
WP_094113885.1|csp22_consensus|Full_Seq|Clavibacter|Clavibacter_michiganensis_ARZ28|19489   8.9999986 8.9999986 8.9999986 8.9999986 8.9999982 8.9999982 8.9999982 8.9999981 8.9999981 8.9999990 8.9999981 8.9999981 8.9999981 8.9999981 8.9999983 8.9999988 8.9999983 8.9999986 8.9999986 8.9999982 8.9999982 8.9999986 8.9999986 0.0079042 0.0079042 0.0239146 0.0239146 0.0158238 0.0158238 0.0239146 0.0239146 0.0000000 0.0318088 0.0318088 0.0397297 0.0397297 0.0239066 0.0239066 0.0157367 0.0157367 0.0248048 0.0248048 0.0426397 0.0490188 0.0417018 0.0412525 0.0412525 0.0326803 0.0326803 0.0410730 0.0579974 0.0579974 
WP_012300000.1|csp22_consensus|Full_Seq|Clavibacter|Clavibacter_sepedonicus_ATCC33113|168   8.9999986 8.9999986 8.9999986 8.9999986 8.9999982 8.9999982 8.9999982 8.9999981 8.9999981 8.9999990 8.9999981 8.9999981 8.9999981 8.9999981 8.9999983 8.9999988 8.9999983 8.9999986 8.9999986 8.9999982 8.9999982 8.9999986 8.9999986 0.0235218 0.0235218 0.0078017 0.0078017 0.0157024 0.0157024 0.0237212 0.0237212 0.0318088 0.0000000 0.0000010 0.0078191 0.0078191 0.0077987 0.0077987 0.0158480 0.0158480 0.0158438 0.0158438 0.0326585 0.0161077 0.0330751 0.0416060 0.0416060 0.0329458 0.0329458 0.0414231 0.0245943 0.0245943 
WP_012300000.1|csp22_consensus|Full_Seq|Clavibacter|Clavibacter_sepedonicus_CFIA-Cs3N|8682  8.9999986 8.9999986 8.9999986 8.9999986 8.9999982 8.9999982 8.9999982 8.9999981 8.9999981 8.9999990 8.9999981 8.9999981 8.9999981 8.9999981 8.9999983 8.9999988 8.9999983 8.9999986 8.9999986 8.9999982 8.9999982 8.9999986 8.9999986 0.0235218 0.0235218 0.0078017 0.0078017 0.0157024 0.0157024 0.0237212 0.0237212 0.0318088 0.0000010 0.0000000 0.0078191 0.0078191 0.0077987 0.0077987 0.0158480 0.0158480 0.0158438 0.0158438 0.0326585 0.0161077 0.0330751 0.0416060 0.0416060 0.0329458 0.0329458 0.0414231 0.0245943 0.0245943 
WP_119382000.1|csp22_consensus|Full_Seq|Clavibacter|Clavibacter_spp_CFBP8615|14598          8.9999986 8.9999986 8.9999986 8.9999986 8.9999982 8.9999982 8.9999982 8.9999981 8.9999981 8.9999990 8.9999981 8.9999981 8.9999981 8.9999981 8.9999983 8.9999988 8.9999983 8.9999986 8.9999986 8.9999982 8.9999982 8.9999986 8.9999986 0.0313683 0.0313683 0.0156456 0.0156456 0.0235901 0.0235901 0.0316381 0.0316381 0.0397297 0.0078191 0.0078191 0.0000000 0.0000010 0.0156400 0.0156400 0.0238156 0.0238156 0.0238108 0.0238108 0.0408300 0.0242193 0.0413455 0.0413665 0.0413665 0.0411973 0.0411973 0.0330607 0.0244516 0.0244516 
WP_119382000.1|csp22_consensus|Full_Seq|Clavibacter|Clavibacter_spp_CFBP8616|14601          8.9999986 8.9999986 8.9999986 8.9999986 8.9999982 8.9999982 8.9999982 8.9999981 8.9999981 8.9999990 8.9999981 8.9999981 8.9999981 8.9999981 8.9999983 8.9999988 8.9999983 8.9999986 8.9999986 8.9999982 8.9999982 8.9999986 8.9999986 0.0313683 0.0313683 0.0156456 0.0156456 0.0235901 0.0235901 0.0316381 0.0316381 0.0397297 0.0078191 0.0078191 0.0000010 0.0000000 0.0156400 0.0156400 0.0238156 0.0238156 0.0238108 0.0238108 0.0408300 0.0242193 0.0413455 0.0413665 0.0413665 0.0411973 0.0411973 0.0330607 0.0244516 0.0244516 
WP_194636117.1|csp22_consensus|Full_Seq|Clavibacter|Clavibacter_spp_VKMAc-2873|24881        8.9999986 8.9999986 8.9999986 8.9999986 8.9999982 8.9999982 8.9999982 8.9999981 8.9999981 8.9999990 8.9999981 8.9999981 8.9999981 8.9999981 8.9999983 8.9999988 8.9999983 8.9999986 8.9999986 8.9999982 8.9999982 8.9999986 8.9999986 0.0156967 0.0156967 0.0156026 0.0156026 0.0235218 0.0235218 0.0315420 0.0315420 0.0239066 0.0077987 0.0077987 0.0156400 0.0156400 0.0000000 0.0000010 0.0079169 0.0079169 0.0161605 0.0161605 0.0333269 0.0241469 0.0337605 0.0333676 0.0333676 0.0247325 0.0247325 0.0332213 0.0327348 0.0327348 
WP_194636117.1|csp22_consensus|Full_Seq|Clavibacter|Clavibacter_spp_VKMAc-2872|24892        8.9999986 8.9999986 8.9999986 8.9999986 8.9999982 8.9999982 8.9999982 8.9999981 8.9999981 8.9999990 8.9999981 8.9999981 8.9999981 8.9999981 8.9999983 8.9999988 8.9999983 8.9999986 8.9999986 8.9999982 8.9999982 8.9999986 8.9999986 0.0156967 0.0156967 0.0156026 0.0156026 0.0235218 0.0235218 0.0315420 0.0315420 0.0239066 0.0077987 0.0077987 0.0156400 0.0156400 0.0000010 0.0000000 0.0079169 0.0079169 0.0161605 0.0161605 0.0333269 0.0241469 0.0337605 0.0333676 0.0333676 0.0247325 0.0247325 0.0332213 0.0327348 0.0327348 
WP_119401855.1|csp22_consensus|Full_Seq|Clavibacter|Clavibacter_spp_CFBP7491|14586          8.9999986 8.9999986 8.9999986 8.9999986 8.9999982 8.9999982 8.9999982 8.9999981 8.9999981 8.9999990 8.9999981 8.9999981 8.9999981 8.9999981 8.9999983 8.9999988 8.9999983 8.9999986 8.9999986 8.9999982 8.9999982 8.9999986 8.9999986 0.0239066 0.0239066 0.0237538 0.0237538 0.0318088 0.0318088 0.0399533 0.0399533 0.0157367 0.0158480 0.0158480 0.0238156 0.0238156 0.0079169 0.0079169 0.0000000 0.0000010 0.0246308 0.0246308 0.0423047 0.0326923 0.0249845 0.0246796 0.0246796 0.0162501 0.0162501 0.0245740 0.0415338 0.0415338 
WP_119401855.1|csp22_consensus|Full_Seq|Clavibacter|Clavibacter_chilensis_CFBP8217|14594    8.9999986 8.9999986 8.9999986 8.9999986 8.9999982 8.9999982 8.9999982 8.9999981 8.9999981 8.9999990 8.9999981 8.9999981 8.9999981 8.9999981 8.9999983 8.9999988 8.9999983 8.9999986 8.9999986 8.9999982 8.9999982 8.9999986 8.9999986 0.0239066 0.0239066 0.0237538 0.0237538 0.0318088 0.0318088 0.0399533 0.0399533 0.0157367 0.0158480 0.0158480 0.0238156 0.0238156 0.0079169 0.0079169 0.0000010 0.0000000 0.0246308 0.0246308 0.0423047 0.0326923 0.0249845 0.0246796 0.0246796 0.0162501 0.0162501 0.0245740 0.0415338 0.0415338 
WP_045529435.1|csp22_consensus|Full_Seq|Clavibacter|Clavibacter_insidiosus_R1-1|3802        8.9999986 8.9999986 8.9999986 8.9999986 8.9999982 8.9999982 8.9999982 8.9999981 8.9999981 8.9999990 8.9999981 8.9999981 8.9999981 8.9999981 8.9999983 8.9999988 8.9999983 8.9999986 8.9999986 8.9999982 8.9999982 8.9999986 8.9999986 0.0162679 0.0162679 0.0079176 0.0079176 0.0159469 0.0159469 0.0241081 0.0241081 0.0248048 0.0158438 0.0158438 0.0238108 0.0238108 0.0161605 0.0161605 0.0246308 0.0246308 0.0000000 0.0000010 0.0160946 0.0326882 0.0325187 0.0517299 0.0517299 0.0427003 0.0427003 0.0514929 0.0415326 0.0415326 
WP_045529435.1|csp22_consensus|Full_Seq|Clavibacter|Clavibacter_insidiosus_LMG3663|8684     8.9999986 8.9999986 8.9999986 8.9999986 8.9999982 8.9999982 8.9999982 8.9999981 8.9999981 8.9999990 8.9999981 8.9999981 8.9999981 8.9999981 8.9999983 8.9999988 8.9999983 8.9999986 8.9999986 8.9999982 8.9999982 8.9999986 8.9999986 0.0162679 0.0162679 0.0079176 0.0079176 0.0159469 0.0159469 0.0241081 0.0241081 0.0248048 0.0158438 0.0158438 0.0238108 0.0238108 0.0161605 0.0161605 0.0246308 0.0246308 0.0000010 0.0000000 0.0160946 0.0326882 0.0325187 0.0517299 0.0517299 0.0427003 0.0427003 0.0514929 0.0415326 0.0415326 
WP_086520198.1|csp22_consensus|Full_Seq|Clavibacter|Clavibacter_spp_CFBP7494|8343           8.9999988 8.9999988 8.9999988 8.9999988 8.9999981 8.9999981 8.9999981 8.9999989 8.9999989 8.9999987 8.9999989 8.9999989 8.9999989 8.9999989 8.9999982 8.9999983 8.9999981 8.9999986 8.9999986 8.9999984 8.9999984 8.9999986 8.9999986 0.0335763 0.0335763 0.0245304 0.0245304 0.0328973 0.0328973 0.0413813 0.0413813 0.0426397 0.0326585 0.0326585 0.0408300 0.0408300 0.0333269 0.0333269 0.0423047 0.0423047 0.0160946 0.0160946 0.0000000 0.0504806 0.0501427 0.0514353 0.0514353 0.0424539 0.0424539 0.0512008 0.0598196 0.0598196 
WP_086514266.1|csp22_consensus|Full_Seq|Clavibacter|Clavibacter_spp_CFBP8019|8338           8.9999985 8.9999985 8.9999985 8.9999985 8.9999982 8.9999982 8.9999982 8.9999984 8.9999984 8.9999985 8.9999984 8.9999984 8.9999984 8.9999984 8.9999985 8.9999983 8.9999981 8.9999980 8.9999980 8.9999983 8.9999983 8.9999981 8.9999981 0.0403098 0.0403098 0.0241551 0.0241551 0.0323638 0.0323638 0.0406736 0.0406736 0.0490188 0.0161077 0.0161077 0.0242193 0.0242193 0.0241469 0.0241469 0.0326923 0.0326923 0.0326882 0.0326882 0.0504806 0.0000000 0.0511288 0.0599632 0.0599632 0.0509605 0.0509605 0.0596892 0.0423221 0.0423221 
WP_209660061.1|csp22_consensus|Full_Seq|Clavibacter|Clavibacter_michiganensis_PvP036|27923  8.9999986 8.9999986 8.9999986 8.9999986 8.9999982 8.9999982 8.9999982 8.9999981 8.9999981 8.9999990 8.9999981 8.9999981 8.9999981 8.9999981 8.9999983 8.9999988 8.9999983 8.9999986 8.9999986 8.9999982 8.9999982 8.9999986 8.9999986 0.0506117 0.0506117 0.0412190 0.0412190 0.0496056 0.0496056 0.0580559 0.0580559 0.0417018 0.0330751 0.0330751 0.0413455 0.0413455 0.0337605 0.0337605 0.0249845 0.0249845 0.0325187 0.0325187 0.0501427 0.0511288 0.0000000 0.0525056 0.0525056 0.0433400 0.0433400 0.0522615 0.0605843 0.0605843 
WP_043673558.1|csp22_consensus|Full_Seq|Clavibacter|Clavibacter_michiganensis_CF11|3030     8.9999986 8.9999986 8.9999986 8.9999986 8.9999982 8.9999982 8.9999982 8.9999981 8.9999981 8.9999990 8.9999981 8.9999981 8.9999981 8.9999981 8.9999983 8.9999988 8.9999983 8.9999986 8.9999986 8.9999982 8.9999982 8.9999986 8.9999986 0.0501007 0.0501007 0.0497183 0.0497183 0.0581251 0.0581251 0.0665817 0.0665817 0.0412525 0.0416060 0.0416060 0.0413665 0.0413665 0.0333676 0.0333676 0.0246796 0.0246796 0.0517299 0.0517299 0.0514353 0.0599632 0.0525056 0.0000000 0.0000010 0.0077829 0.0077829 0.0154433 0.0323270 0.0323270 
WP_043673558.1|csp22_consensus|Full_Seq|Clavibacter|Clavibacter_capsici_PF008|5039          8.9999986 8.9999986 8.9999986 8.9999986 8.9999982 8.9999982 8.9999982 8.9999981 8.9999981 8.9999990 8.9999981 8.9999981 8.9999981 8.9999981 8.9999983 8.9999988 8.9999983 8.9999986 8.9999986 8.9999982 8.9999982 8.9999986 8.9999986 0.0501007 0.0501007 0.0497183 0.0497183 0.0581251 0.0581251 0.0665817 0.0665817 0.0412525 0.0416060 0.0416060 0.0413665 0.0413665 0.0333676 0.0333676 0.0246796 0.0246796 0.0517299 0.0517299 0.0514353 0.0599632 0.0525056 0.0000010 0.0000000 0.0077829 0.0077829 0.0154433 0.0323270 0.0323270 
WP_086517722.1|csp22_consensus|Full_Seq|Clavibacter|Clavibacter_tessellarius_CFBP8017|8347  8.9999986 8.9999986 8.9999986 8.9999986 8.9999982 8.9999982 8.9999982 8.9999981 8.9999981 8.9999990 8.9999981 8.9999981 8.9999981 8.9999981 8.9999983 8.9999988 8.9999983 8.9999986 8.9999986 8.9999982 8.9999982 8.9999986 8.9999986 0.0413732 0.0413732 0.0410715 0.0410715 0.0494449 0.0494449 0.0578883 0.0578883 0.0326803 0.0329458 0.0329458 0.0411973 0.0411973 0.0247325 0.0247325 0.0162501 0.0162501 0.0427003 0.0427003 0.0424539 0.0509605 0.0433400 0.0077829 0.0077829 0.0000000 0.0000010 0.0153922 0.0408278 0.0408278 
WP_086517722.1|csp22_consensus|Full_Seq|Clavibacter|Clavibacter_tessellarius_ATCC33566|8693 8.9999986 8.9999986 8.9999986 8.9999986 8.9999982 8.9999982 8.9999982 8.9999981 8.9999981 8.9999990 8.9999981 8.9999981 8.9999981 8.9999981 8.9999983 8.9999988 8.9999983 8.9999986 8.9999986 8.9999982 8.9999982 8.9999986 8.9999986 0.0413732 0.0413732 0.0410715 0.0410715 0.0494449 0.0494449 0.0578883 0.0578883 0.0326803 0.0329458 0.0329458 0.0411973 0.0411973 0.0247325 0.0247325 0.0162501 0.0162501 0.0427003 0.0427003 0.0424539 0.0509605 0.0433400 0.0077829 0.0077829 0.0000010 0.0000000 0.0153922 0.0408278 0.0408278 
WP_063071392.1|csp22_consensus|Full_Seq|Clavibacter|Clavibacter_tessellarius_DOAB609|6668   8.9999986 8.9999986 8.9999986 8.9999986 8.9999982 8.9999982 8.9999982 8.9999981 8.9999981 8.9999990 8.9999981 8.9999981 8.9999981 8.9999981 8.9999983 8.9999988 8.9999983 8.9999986 8.9999986 8.9999982 8.9999982 8.9999986 8.9999986 0.0498798 0.0498798 0.0495003 0.0495003 0.0578693 0.0578693 0.0662883 0.0662883 0.0410730 0.0414231 0.0414231 0.0330607 0.0330607 0.0332213 0.0332213 0.0245740 0.0245740 0.0514929 0.0514929 0.0512008 0.0596892 0.0522615 0.0154433 0.0154433 0.0153922 0.0153922 0.0000000 0.0483349 0.0483349 
WP_094116501.1|csp22_consensus|Full_Seq|Clavibacter|Clavibacter_spp_AY1B3|10662             8.9999986 8.9999986 8.9999986 8.9999986 8.9999982 8.9999982 8.9999982 8.9999981 8.9999981 8.9999990 8.9999981 8.9999981 8.9999981 8.9999981 8.9999983 8.9999988 8.9999983 8.9999986 8.9999986 8.9999982 8.9999982 8.9999986 8.9999986 0.0490804 0.0490804 0.0327451 0.0327451 0.0410980 0.0410980 0.0495376 0.0495376 0.0579974 0.0245943 0.0245943 0.0244516 0.0244516 0.0327348 0.0327348 0.0415338 0.0415338 0.0415326 0.0415326 0.0598196 0.0423221 0.0605843 0.0323270 0.0323270 0.0408278 0.0408278 0.0483349 0.0000000 0.0000010 
WP_094116501.1|csp22_consensus|Full_Seq|Clavibacter|Clavibacter_spp_AY1A6|10666             8.9999986 8.9999986 8.9999986 8.9999986 8.9999982 8.9999982 8.9999982 8.9999981 8.9999981 8.9999990 8.9999981 8.9999981 8.9999981 8.9999981 8.9999983 8.9999988 8.9999983 8.9999986 8.9999986 8.9999982 8.9999982 8.9999986 8.9999986 0.0490804 0.0490804 0.0327451 0.0327451 0.0410980 0.0410980 0.0495376 0.0495376 0.0579974 0.0245943 0.0245943 0.0244516 0.0244516 0.0327348 0.0327348 0.0415338 0.0415338 0.0415326 0.0415326 0.0598196 0.0423221 0.0605843 0.0323270 0.0323270 0.0408278 0.0408278 0.0483349 0.0000010 0.0000000 
